 15736 0  58549      -99      6  1 16950000 1 17601130 0  3
 10978 0  60104      -99     13  1 16930000 1 17610517 0  7
 12928 0  67434      -99     17  1 16950000 1 17381126 0  0
 19520 0  91530 17561127     54  2 16990327 0 17591017 0  0
 34443 0 155487 17810107     54  2 16990327 0 17591017 0  0
  4008 1     82      -99     87  1 16410000 1 17001121 0  0
  9098 0  47551 17031126     90  2 16820503 0 17641018 0  1
  9690 0  45815 17500104     90  2 16820503 0 17641018 0 10
  1211 0  10999 16871103     95  2 16440905 0 17171118 0 11
  6604 0     94 17040304     95  2 16440905 0 17171118 0  0
  6960 0  42468 17081220    100  2 16760502 0 17440803 0  6
 11570 0     93 17530412    100  2 16760502 0 17440803 0  2
 12251 0    109 17800128    110  1 16930107 0 17211217 0  3
 10235 0  24047 17570224    119  1 16860413 0 17420622 0 15
  3800 1    108      -99    121  1 16460000 1 16801102 0  3
  2344 1    128 16990427    129  1 16510000 1 17000918 0  9
  9377 0  49218 17510316    134  1 16870330 0 17660611 0 11
  6003 0  37616      -99    135  2 16700000 1 17480326 0  0
  8642 0   8793 17291208    135  2 16700000 1 17480326 0  7
  8072 0  71798 17430306    138  1 16750000 1 17310824 0  8
 86267 0    139 17261011    140  1 16800901 0 17280606 0 11
  8715 0  53444 17030223    153  2 16760816 0 17530525 0  0
  9323 0    133 17750224    153  2 16760816 0 17530525 0  6
  2405 1    160      -99    161  2 16480000 1 17001114 0  2
  3585 1  40572 17090227    161  2 16480000 1 17001114 0 10
  6608 0  52165 17021226    162  1 16700413 0 17210111 0  7
  1091 1  71097      -99    166  1 16330718 0 17071224 0 12
  3768 1  60375 17211002    176  1 16510000 1 17090516 0  3
  8794 0    179 17180524    180  1 16800000 1 17390609 0  7
 85808 0    188 17591231    189  1 16990829 0 17491208 0 13
 11184 0  44912 17430521    205  1 16810826 0 17401101 0  2
 11573 0  42193 17381211    206  1 16870204 0 17600125 0 11
 10202 0    204 17300907    211  1 16890726 0 17520620 0 12
  2294 1    225 17140416    226  1 16510000 1 16830830 0  4
 87402 0  71997 17380507    227  1 16791028 0 17540516 0 14
  6568 0  21339 17420224    229  1 16740000 1 17430521 0 16
  9077 0   1448 17501019    231  1 16840700 0 17650327 0 16
  5829 0    225 17140416    232  1 16660000 1 17510409 0  1
 13407 0    236 17561107    240  1 16990517 0 17380129 0 14
 11937 0  82409 17541219    251  1 16890813 0 17310808 0  0
 11555 0    258 17270115    259  3 16900113 0 17601016 0  7
 16783 0  48273 17360403    259  3 16900113 0 17601016 0  1
 20934 0  83410      -99    259  3 16900113 0 17601016 0  0
  3877 1  43551 16881106    273  1 16290000 1 16871207 0  0
  1168 1  50915 16620623    285  2 16440000 1 16890805 0  0
  1601 1    284 16890805    285  2 16440000 1 16890805 0 10
  5644 0  26758 16890800    288  1 16660405 0 16890800 0  2
  5855 0  35862      -99    290  1 16700221 0 16870903 0  1
  8795 0  73982 17030118    296  2 16760000 1 17510515 0  2
  9422 0  16445 17470916    296  2 16760000 1 17510515 0  7
 11504 0    283      -99    310  2 16940116 0 17681127 0  3
 16274 0  49935      -99    310  2 16940116 0 17681127 0  4
  1597 1  40754 16710616    324  2 16440000 1 17180411 0  4
  3965 1  24666 16871221    324  2 16440000 1 17180411 0  7
  6717 0  71681 17060811    332  2 16701016 0 17091225 0  0
 10027 0    331 17480314    332  2 16701016 0 17091225 0  1
 10693 0    331 17480314    334  1 16920601 0 17770802 0  5
  3750 1    659 17261025    342  1 16490103 0 17110312 0  8
  1175 1    345 16630611    346  2 16210000 1 16840512 0  1
  1622 1   9045      -99    346  2 16210000 1 16840512 0  0
 10267 0    348 17560207    349  1 16790000 1 17410824 0  9
 12876 0    359 17270301    360  1 16930128 0 17620529 0  4
  4466 0    367 17031005    368  1 16620329 0 17121227 0 13
  8254 0  36881 17530210    369  1 16810120 0 17100429 0  5
  9512 0   6409 17320510    370  1 16830909 0 17470130 0 10
 11823 0  10395 17480723    376  1 16951101 0 17780901 0 13
  7984 0  37996 17570526    379  1 16790000 1 17720415 0  9
 11368 0  53187 17600608    381  1 16890000 1 17141007 0  2
 14713 0    387 17560214    388  1 16910410 0 17461230 0  3
  1627 1   1774 17090212    394  1 16370000 1 17001228 0  0
  2557 1    401 17081205    402  1 16540000 1 17240331 0  0
  7472 0    406 17260226    407  1 16740506 0 17540706 0  8
 11931 0  67270 17451211    408  2 16960416 0 17671108 0  6
 24892 0 125910 17720711    408  2 16960416 0 17671108 0  0
  1758 1    521 17081214    428  1 16480000 1 17260809 0 12
  3462 1  39961      -99    429  1 16460000 1 16960618 0  4
 10985 0  17458      -99    438  3 16870707 0 17561001 0  2
 14798 0  72111      -99    438  3 16870707 0 17561001 0  0
 86090 0  86541 17800920    438  3 16870707 0 17561001 0  0
 12070 0    942 17440331    439  2 16910430 0 17510816 0  9
 24517 0  37555 17540415    439  2 16910430 0 17510816 0  0
  9784 0  51308      -99    441  2 16850000 1 17580821 0  0
 10708 0  17884 17310415    441  2 16850000 1 17580821 0  9
 10534 0    437 17440404    443  1 16890410 0 17170501 0  5
 12696 0    437 17440404    449  1 16961115 0 17240803 0  5
  9907 0  59172 17260302    455  2 16811227 0 17321009 0  2
 16097 0    437 17440404    455  2 16811227 0 17321009 0  0
 12842 0    440 17311009    456  3 16970330 0 17591113 0  7
 19454 0  91872 17440805    456  3 16970330 0 17591113 0  3
 24533 0 123458 17540822    456  3 16970330 0 17591113 0  0
  9775 0    463 17260228    464  1 16860000 1 17440714 0 13
  3579 1  40788      -99    480  1 16390000 1 17001210 0  6
 11438 0    483 17310219    484  1 16920624 0 17501224 0 10
  3154 0    405      -99    502  2 16560623 0 17420210 0  4
  7239 0  59197 17030123    502  2 16560623 0 17420210 0  0
  9663 0  59198 17530612    504  1 16800000 1 17600202 0 11
  4650 0    424 16890805    507  1 16630401 0 16890805 0  6
  7634 0  30977 17490821    508  1 16790910 0 17430616 0  8
 14227 0  21073 17850323    512  1 16870416 0 17610501 0  5
  5903 0  36825 17171231    531  1 16681005 0 17081211 0 11
  7518 0  60493 17141000    532  1 16710626 0 17500213 0 10
  7362 0  29033 17521208    534  1 16760124 0 17360219 0  9
 10294 0  45708 17110303    537  2 16840520 0 17600317 0  3
 11677 0  33436      -99    537  2 16840520 0 17600317 0  7
 10182 0    564 17450517    565  1 16870722 0 17450708 0  5
 14653 0    577 17330602    578  2 16980000 1 17740608 0  6
 19177 0  89146 17380305    578  2 16980000 1 17740608 0  2
  8569 0  70978 17070111    589  2 16780711 0 17471009 0  4
 10227 0    588 17580528    589  2 16780711 0 17471009 0  9
 13271 0  35673 17680509    599  1 16961112 0 17351215 0  9
 12971 0  13688 17591017    600  1 16981030 0 17700302 0 14
  1664 1    607      -99    608  1 16461119 0 17090613 0 13
  7324 0  13190 17451106    616  1 16771121 0 17531119 0 10
  8829 0   3839 17390623    618  1 16820128 0 17421124 0 11
 10297 0  16952 17490826    620  1 16870307 0 17150609 0  4
  6825 0    612 17420600    621  1 16730526 0 17451000 0 12
 12321 0  14749 17600719    623  1 16940131 0 17680409 0  5
 15662 0  19948      -99    625  2 16980215 0 17590111 0  0
 15982 0  69906 17551115    625  2 16980215 0 17590111 0  6
  9728 0    619      -99    640  1 16851009 0 17310521 0 14
  9164 0  73824 17461208    664  1 16830516 0 17460623 0 13
 11785 0  12676 17150609    666  2 16850000 1 17581201 0  1
 13563 0  66945 17580708    666  2 16850000 1 17581201 0  3
  7140 0    667 17030107    668  1 16790721 0 17030124 0  4
 10959 0  36066 17491205    669  1 16951102 0 17491128 0 13
  7323 0    614 17210719    673  1 16790716 0 17580819 0 11
 11773 0  34560 17791229    674  1 16960625 0 17150901 0  0
 11733 0    684      -99    685  1 16930000 1 17651108 0 12
 10557 0    663 17550913    701  1 16930116 0 17110317 0  1
 11419 0    663 17550913    703  1 16800129 0 17491028 0  6
 14457 0    601 17750216    712  1 16980202 0 17650512 0  9
 87895 0  31780 17211223    716  2 16920724 0 17491216 0  4
 87894 0    626 17500716    716  2 16920724 0 17491216 0  7
 10931 0   3111      -99    728  1 16930000 1 17670223 0  5
  8177 0    660 17400822    731  1 16780000 1 17110423 0  7
 10618 0    727      -99    750  2 16920000 1 17601127 0 13
 25421 0 129701      -99    750  2 16920000 1 17601127 0  0
 10954 0    660 17400822    753  1 16920115 0 17730905 0 12
  9811 0    615 17380330    774  1 16830517 0 17420222 0  9
 13159 0    729 17720620    782  1 16990816 0 17720519 0 15
   959 1   3823      -99    814  2 16360000 1 16961224 0 11
  4671 1    812 17060125    814  2 16360000 1 16961224 0  0
  9840 0    617 17480608    815  1 16881029 0 17360225 0 11
  5360 0    828 17030919    829  1 16640217 0 16860803 0  2
  6635 0    828 17030919    834  1 16671129 0 16990619 0  5
  4957 0  73303 16971206    836  2 16620000 1 17150505 0  9
  8639 0    828 17030919    836  2 16620000 1 17150505 0  3
 11756 0    831 17150417    840  2 16940207 0 17351025 0  1
 12261 0  31454      -99    840  2 16940207 0 17351025 0 10
 11822 0    842 17420126    843  1 16970000 1 17690123 0 12
  5051 0    857 17090821    858  1 16650821 0 17460511 0 14
  9802 0  53321 17450904    859  1 16831203 0 17611209 0 11
 13136 0    875 17740429    876  1 16870126 0 17420107 0  9
  9542 0    639 17390926    889  1 16871207 0 17700811 0 12
 11769 0    665 17421227    902  1 16961109 0 17531218 0 12
  1307 1  72971 16720512    919  3 16381113 0 17221219 0  6
  3935 1  73980 16871118    919  3 16381113 0 17221219 0  5
  6431 1  32657 16931221    919  3 16381113 0 17221219 0  0
  2706 1  65981 17140306    922  1 16450000 1 16890313 0  7
  1351 0    934 16691210    935  2 16451100 0 17240421 0  3
  4995 0  39133 17350308    935  2 16451100 0 17240421 0  0
  4679 0    939 17111023    940  1 16540625 0 17150510 0  8
 13525 0  52111 17530917    941  1 16790107 0 17581202 0  0
 12158 0  19017      -99    943  1 16831004 0 17710309 0  0
  9815 0    942 17440331    961  1 16830123 0 17150310 0  7
  4092 0    989 17080416    990  1 16581004 0 17220519 0 11
  7709 0  55996      -99    992  2 16770510 0 17571010 0  6
 13260 0   8149 17400729    992  2 16770510 0 17571010 0  0
  5207 0   1006 16850919   1007  1 16660116 0 16860221 0  2
  8564 0   2914      -99   1008  1 16830706 0 17170730 0  5
  9814 0  55971 17510611   1009  1 16850929 0 17250209 0  6
  5681 0   1010 17241228   1011  1 16671001 0 17030309 0  7
 12764 0  43099 17511111   1013  1 16920521 0 17611201 0  0
  9583 0   1010 17241228   1019  1 16740000 1 17051220 0  1
 10004 0    993 17270421   1021  1 16870109 0 17181121 0  7
  9187 0  34374 17160812   1039  2 16830729 0 17201115 0  0
 13163 0    993 17270421   1039  2 16830729 0 17201115 0  1
 13926 0    993 17270421   1041  2 16981217 0 17720522 0  3
 19010 0  78082      -99   1041  2 16981217 0 17720522 0  1
 86337 1   1053 16881219   1054  1 16321213 0 17020905 0 15
  3158 0  72932 17081204   1056  1 16540321 0 17371215 0 13
  3169 0  36044 16911005   1057  1 16560124 0 17240225 0 10
  4457 0  35721 17100108   1059  1 16600712 0 17360207 0 14
  6723 0  72087 17440306   1063  1 16701122 0 17490209 0  8
  8486 0  70050 17600606   1064  1 16760613 0 17581123 0 12
  4141 1  58988 17030303   1076  2 16510000 1 17450204 0  8
  9495 1  13441      -99   1076  2 16510000 1 17450204 0  0
  7318 0   1062 17220312   1080  1 16741220 0 17210327 0  6
 14153 0  40205 17491112   1082  1 16970207 0 17560710 0 11
 10232 0  70700 17560505   1086  1 16870831 0 17500309 0 11
  8151 0    930 17470901   1091  1 16780308 0 17530312 0 12
 11700 0   1087 17500702   1104  1 16930706 0 17480410 0  9
 11762 0    995 17460903   1113  1 16960427 0 17561009 0 16
  1472 1   1005 17150509   1130  1 16390112 0 17061113 0  3
 12531 0   1134 17491210   1135  1 16940000 1 17740404 0 12
 11037 0  68816 17440204   1157  1 16880119 0 17640601 0 10
 12410 0  35725 17540405   1158  1 16950000 1 17461206 0 17
  8835 0   1160 17550923   1161  1 16820215 0 17320116 0  9
 11035 0   1156 17550312   1165  1 16930316 0 17491108 0  8
  5615 0   1171 17251019   1172  1 16690000 1 17420602 0 16
 13719 0  75696 17640218   1189  1 16990000 1 17730129 0 11
  8008 0   1195 17290907   1196  1 16770624 0 17180213 0 10
 13156 0  41635 17450302   1197  1 16990216 0 17440313 0 13
  9901 0   1212 17281202   1213  1 16860000 1 17590302 0  9
  6241 0  10277 17180620   1222  3 16710330 0 17510312 0  1
 13314 0   1195 17290907   1222  3 16710330 0 17510312 0  0
 18390 0  82528 17500428   1222  3 16710330 0 17510312 0  0
  5278 0  38732 17330410   1227  1 16660701 0 17310101 0 13
  4611 0   1145      -99   1230  1 16600616 0 17290917 0 14
  8834 0  34075      -99   1236  2 16810000 1 17390118 0  2
 10433 0  32775 17561130   1236  2 16810000 1 17390118 0  8
 13044 0  58136      -99   1238  2 16980000 1 17601214 0  4
 22502 0  53818      -99   1238  2 16980000 1 17601214 0  0
 15449 0  65442 17551102   1240  1 16940000 1 17501223 0  6
  5523 0   1225 17330830   1242  1 16670422 0 17480924 0 12
  9774 0  65297 17360115   1251  1 16870000 1 17110331 0  3
 10429 0   7314 17550528   1253  1 16890000 1 17431213 0 12
 10428 0  60403 17670502   1254  1 16910524 0 17671221 0 15
  8357 0   1256 17490111   1257  1 16821014 0 17711013 0  9
 11242 0   1233 17421120   1264  1 16850000 1 17490603 0  3
  4864 0   1281 17180503   1282  1 16660000 1 17201208 0 13
 14643 0  71816 17460510   1283  1 16950308 0 17721225 0  9
 10619 0  68003 17560211   1289  1 16820000 1 17580429 0  5
 10620 0  64633 17490723   1290  1 16840000 1 17331126 0  9
  6196 0   1226 17221125   1305  1 16670320 0 17400514 0  0
 11544 0   1334 17150513   1335  2 16881022 0 17460401 0  1
 12619 0  25427 17670425   1335  2 16881022 0 17460401 0  7
  9580 0    348 17560207   1344  1 16830000 1 17080714 0  2
 11009 0  16293 17540924   1352  1 16890807 0 17400117 0 12
 14776 0  36796 17450423   1354  1 16920420 0 17420312 0  0
 11782 0  24140 17661112   1356  1 16950312 0 17551006 0  9
 14590 0  65160 17490504   1358  1 16970218 0 17430510 0  6
  3551 1  73255 17020822   1389  1 16460000 1 17150625 0  9
 10616 0   1396 17590610   1397  1 16880222 0 17560920 0  9
 10912 0   1407      -99   1408  1 16880823 0 17780724 0  9
  8562 0   1417 17660225   1418  1 16781024 0 17600404 0 10
  3601 1   1429 16990831   1430  1 16560000 1 17120512 0  9
  6288 0  49183 17380225   1431  1 16720714 0 17420601 0 11
  7730 0  60816 17400201   1433  1 16770209 0 17471012 0 13
  9622 0  22540      -99   1435  2 16840920 0 17550311 0  4
 12915 0   6655 17550128   1435  2 16840920 0 17550311 0  5
 10737 0  14789 17250928   1436  2 16900802 0 17540310 0  8
 17546 0  76583      -99   1436  2 16900802 0 17540310 0  1
 11396 0  62156 17600918   1437  1 16920820 0 17670105 0 14
   825 1  37738 16900312   1465  1 16320000 1 16990729 0  9
   578 1  13657      -99   1466  1 16340000 1 17001217 0 14
 87282 1  71943 16890321   1467  1 16360224 0 17190816 0 16
  1031 1  49558 16870921   1470  1 16380000 1 16850808 0 13
  7200 0   1473 17251009   1474  1 16770324 0 17460605 0 13
 10226 0   1491 17320531   1492  1 16880909 0 17590507 0 11
  5310 0  69872 17150104   1505  2 16680226 0 17430208 0  8
 11996 0   1504 17321223   1505  2 16680226 0 17430208 0  0
  1308 1   1471 17300419   1515  1 16440000 1 17130225 0 12
  5883 0  22897 17370427   1520  1 16740307 0 16880115 0  1
  7930 0   4511 17440511   1522  1 16810829 0 17170810 0  8
  5749 0   1519 17490329   1525  1 16660309 0 17370804 0  9
 12176 0  30831 17480225   1527  1 16890817 0 17590217 0  2
 10740 0   9333 17700205   1528  1 16911017 0 17530706 0 11
 11657 0   4358 17690218   1529  1 16940304 0 17721213 0 11
 86000 0   1531 17780819   1534  1 16971207 0 17350915 0  5
  8907 0   1521 17531016   1539  1 16810110 0 17630727 0 11
  3216 1   1562 17120625   1563  1 16460000 1 17140224 0  0
  2936 1   1564 17150628   1565  1 16410000 1 17150106 0  6
  5835 0  68748 17110606   1566  1 16700829 0 17021229 0  9
  9224 0  19028 17120108   1570  1 16761001 0 17090409 0  3
  8710 0   1568      -99   1572  1 16830221 0 17240304 0 13
 15025 0   1568      -99   1587  1 16910612 0 17690118 0  0
  1504 1  22574      -99   1598  3 16490000 1 17090111 0  3
  3948 1  42224      -99   1598  3 16490000 1 17090111 0  6
  7868 1  44040 17160510   1598  3 16490000 1 17090111 0  0
  2494 1  71783 17310209   1606  1 16460000 1 17160405 0  5
  5390 0  20204      -99   1609  2 16700205 0 17331121 0  3
  6920 0   1551 17430303   1609  2 16700205 0 17331121 0 12
 13179 0  14956 17480323   1613  1 16990506 0 17660419 0 16
  8273 0   1567 17281118   1624  1 16790209 0 17551119 0 13
  1508 1  52089      -99   1642  1 16340000 1 17260102 0  6
 10521 0  12021 17190410   1647  2 16910831 0 17360319 0  0
 13480 0   1646 17450101   1647  2 16910831 0 17360319 0  0
 12395 0  38365 17200813   1652  2 16970112 0 17300226 0  1
 14613 0   1651 17330916   1652  2 16970112 0 17300226 0  4
  2981 1  44412 16900212   1666  2 16510000 1 17180424 0 10
  6926 1  45667      -99   1666  2 16510000 1 17180424 0  1
  3798 0   1667 17270807   1668  1 16580000 1 16971230 0 11
  8274 0  37306 17401017   1669  1 16820713 0 17270920 0 10
  9442 0  26166      -99   1678  1 16790000 1 17510110 0  5
 11913 0   1689 17650202   1704  1 16890000 1 17600627 0 11
 12073 0  87781 17500427   1706  1 16940000 1 17331221 0  9
  5844 0   1650 17331208   1713  1 16730000 1 17410109 0  9
 10410 0   1731 17411002   1732  1 16861123 0 17520711 0  8
  7659 0   5762 17081203   1746  4 16780422 0 17561113 0  6
 10353 0  60364 17270912   1746  4 16780422 0 17561113 0  0
 16190 0  58705 17341113   1746  4 16780422 0 17561113 0  0
 20338 0  75275 17500129   1746  4 16780422 0 17561113 0  0
  9939 0  27963 17500605   1748  1 16870301 0 17690520 0 10
 11813 0  44150 17581027   1752  1 16890000 1 17570409 0 10
 11006 0   1743 17480318   1763  1 16841227 0 17480409 0  7
 10648 0   1780 17360318   1781  2 16930618 0 17600417 0 13
 20385 0  69261 17671231   1781  2 16930618 0 17600417 0  1
 14205 0   1789 17740702   1790  1 16950000 1 17660522 0  5
  5606 0   1797      -99   1798  1 16680216 0 16871009 0  2
  6028 0   1797      -99   1805  1 16720226 0 17050215 0 10
 11244 0  42484 17591128   1807  1 16900315 0 17170617 0  0
 10074 0  22411      -99   1808  1 16920211 0 17081101 0  1
  9773 0  49161 17110115   1819  2 16870000 1 17571120 0  2
 11028 0   1818 17621001   1819  2 16870000 1 17571120 0  9
  3732 1  66324 16771017   1831  2 16560000 1 17050815 0  0
  4717 1  44165 16991012   1831  2 16560000 1 17050815 0  0
  2955 1  59366      -99   1839  2 16530429 0 17260615 0  0
  3123 1   1779 17030322   1839  2 16530429 0 17260615 0  7
  9281 0  16434 17430911   1842  1 16770103 0 17470519 0  8
 10003 0   1840 17500928   1858  1 16880000 1 17580920 0 15
  1149 1  65495      -99   1894  1 16320328 0 17000826 0  9
  1386 1  15119      -99   1896  3 16440911 0 17190121 0 11
  4725 1  38392      -99   1896  3 16440911 0 17190121 0  1
  4914 1   1895 17081205   1896  3 16440911 0 17190121 0  6
  8652 0  40797      -99   1901  1 16800000 1 17570714 0  6
 13858 0   1905      -99   1906  2 16970315 0 17640305 0  3
 16807 0  75705 17771113   1906  2 16970315 0 17640305 0  9
  2448 1   1874      -99   1914  1 16540000 1 16971124 0 13
  6553 0  69184 17170318   1915  1 16721008 0 17160420 0  7
 15372 0   1931      -99   1932  1 16921002 0 17541021 0  5
 12754 0  16103      -99   1941  1 16910000 1 17440325 0  7
  1501 1  16662 17050321   1958  1 16440000 1 16891101 0  6
   874 1  18544 16870110   1961  1 16280000 1 16980914 0  5
  5254 0  40303 17240517   1984  1 16650807 0 17440914 0 10
  6033 0  21258      -99   1986  2 16690104 0 17550726 0  7
 83646 0  28580 17320915   1986  2 16690104 0 17550726 0  1
 84490 0  20194 17360711   1995  1 16690313 0 17480625 0  7
 86087 0   1999 17470324   2000  1 16970131 0 17370623 0 10
  3162 1   2009 16870826   2011  1 16470000 1 17060708 0  6
 11447 0  49354      -99   2014  1 16770531 0 17150616 0  2
  9917 0  55639 17080129   2026  3 16840306 0 17601111 0  1
 10462 0   2013 17150620   2026  3 16840306 0 17601111 0  2
 12335 0   2869 17410519   2026  3 16840306 0 17601111 0  3
 85162 0   2043 17141215   2044  2 16950829 0 17660509 0  2
 85161 0  14787 17591103   2044  2 16950829 0 17660509 0 12
 10964 0  43090 17190418   2053  2 16940000 1 17710108 0  4
 13228 0   2052 17610329   2053  2 16940000 1 17710108 0  7
  3046 1  73690 17170323   2061  1 16550000 1 17110922 0 14
  1486 1   2066 17130124   2067  1 16420311 0 17001213 0 12
 86695 0  59086 17130410   2074  1 16750806 0 17500606 0  9
  7363 0   3003 17170812   2076  1 16790825 0 17150815 0  9
  5961 0   2068 17490101   2080  1 16710810 0 17091121 0 11
 12049 0  35479 17690819   2082  1 16910204 0 17291019 0  7
 10709 0   2068 17490101   2094  1 16840316 0 17470802 0  0
 12404 0   2084 17531101   2095  1 16950921 0 17750505 0 12
  7349 0   2069 17480823   2123  1 16731217 0 17030116 0  4
 15886 0  73018 17360224   2124  2 16990514 0 17530313 0  5
 20206 0   4577      -99   2124  2 16990514 0 17530313 0  3
  9230 0   2069 17480823   2126  1 16720429 0 17491121 0  7
  4895 0   2051 16940324   2138  2 16640321 0 17081225 0  7
  7605 0  43188 17340824   2138  2 16640321 0 17081225 0  5
 10882 0  50446 17300408   2142  1 16920912 0 17141022 0  2
  7416 0   2071 17330521   2143  1 16781203 0 17501018 0  4
  5322 0  65791      -99   2152  2 16690317 0 17420113 0  4
  7065 0  27661 17520405   2152  2 16690317 0 17420113 0  8
  7197 0   2072 17180207   2154  1 16740322 0 17530302 0 10
  4026 0   2165 17080628   2169  1 16580114 0 16920306 0 13
 11199 0  69469 17340908   2182  1 16920227 0 17430402 0  7
 10194 0   2173 17330513   2184  1 16880614 0 17401213 0  6
  5055 0   2166 16871025   2191  2 16601218 0 16940414 0  2
  6746 0  13180 17160614   2191  2 16601218 0 16940414 0  2
  4485 1  36817      -99   2206  2 16530000 1 16991004 0  7
  6907 1  28572 17380317   2206  2 16530000 1 16991004 0  4
  2506 1   2213      -99   2214  3 16410000 1 17120915 0  1
  3911 1  23994 16880320   2214  3 16410000 1 17120915 0  7
  6292 1   6810      -99   2214  3 16410000 1 17120915 0  0
  6049 0  36809 17540724   2215  1 16690813 0 17500429 0  9
  5273 0   2218      -99   2219  1 16660307 0 17030716 0  1
  2905 1  69028      -99   2225  4 16460000 1 17230428 0  1
  3533 1  26519      -99   2225  4 16460000 1 17230428 0  6
  5330 1  55451      -99   2225  4 16460000 1 17230428 0  1
  5675 1  69695 17230315   2225  4 16460000 1 17230428 0  0
 16256 0   2229 17281223   2230  2 16990130 0 17720102 0  1
 17749 0  90691 17800118   2230  2 16990130 0 17720102 0  4
  5524 0   2240 17240308   2241  1 16710321 0 16880603 0  2
  9068 0  74313 17630217   2242  1 16860405 0 17590218 0 16
  5421 0  32638 16881106   2246  2 16681220 0 17430623 0  3
  6502 0   2228      -99   2246  2 16681220 0 17430623 0  6
 12572 0  60820 17401029   2248  1 16930620 0 17710416 0 10
 16195 0   2250 17500107   2253  1 16980309 0 17670413 0  6
  5680 0  15817 17221125   2257  1 16690720 0 17390124 0 10
  5793 0  45206 16931008   2259  2 16700227 0 17200820 0  4
  7390 0   2258 17480517   2259  2 16700227 0 17200820 0 10
  3144 1   2270 17021228   2271  1 16430000 1 17200409 0  8
  8720 0  45250 17650518   2282  1 16781022 0 17510603 0  7
  2392 1   8634 16810108   2287  3 16440000 1 17010325 0  1
  5070 1  40124 16831112   2287  3 16440000 1 17010325 0  0
  5488 1   2284 17240424   2287  3 16440000 1 17010325 0  1
  6868 0   2290 17470327   2291  1 16730202 0 17360509 0 13
 11330 0  64011 17200509   2292  2 16921219 0 17661105 0  5
 84405 0  20065 17821002   2292  2 16921219 0 17661105 0  9
 12241 0  18697 17340620   2293  1 16940816 0 17301223 0  9
 14529 0  12748 17500412   2294  1 16960201 0 17310618 0  5
  9413 0   2306 17590331   2307  1 16860305 0 17570120 0 18
  5411 0  59738 16950427   2327  2 16670000 1 17371123 0  5
 12113 0   2326 17450301   2327  2 16670000 1 17371123 0  0
  5492 0  27031 17210828   2338  1 16670824 0 17491010 0 14
  6445 0  29545      -99   2341  2 16750705 0 17081117 0  0
  7301 0   6987 17360124   2341  2 16750705 0 17081117 0  4
  1293 1  21393      -99   2346  2 16340000 1 17270322 0  6
  4769 1   2336      -99   2346  2 16340000 1 17270322 0  0
  8300 0   2347 17270318   2348  1 16840329 0 17150418 0  7
 10308 0   7825 17090220   2356  2 16880227 0 17290906 0  1
 11993 0   2347 17270318   2356  2 16880227 0 17290906 0  7
 11513 0   2373      -99   2374  2 16941104 0 17710920 0 14
 19199 0  89239 17420409   2374  2 16941104 0 17710920 0  2
  8598 0   2275 17260518   2420  1 16830000 1 17221205 0 13
 14418 0   2275 17260518   2437  1 16880912 0 17630408 0  2
  7977 0   2449 17540505   2450  1 16810000 1 17220911 0 20
  6408 0  43082 16991006   2475  2 16710905 0 17430204 0  5
  9507 0   2474 17411112   2475  2 16710905 0 17430204 0  7
 11072 0  32269 17470909   2488  1 16891102 0 17570907 0 11
 13938 0  53052      -99   2490  1 16940612 0 17590718 0 11
  9953 0  68334 17580329   2493  1 16870000 1 17140609 0  1
  7981 0   2340      -99   2495  1 16750705 0 17170920 0  7
 10270 0   2503      -99   2504  1 16830101 0 17230313 0  1
 10692 0   2406 17501023   2506  1 16920000 1 17850304 0  5
 84464 0   2295 17680811   2515  1 16940305 0 17320511 0  7
  8212 0  57830 17160805   2545  1 16740802 0 17361003 0  4
 10302 0   2487 17570111   2565  1 16891225 0 17110528 0  1
 11432 0   2487 17570111   2567  1 16900000 1 17641213 0  8
  1511 1  13419 16670608   2576  2 16470000 1 17330620 0  2
  2255 1   2393 17140524   2576  2 16470000 1 17330620 0 10
  7117 0  37707 17530223   2580  1 16770216 0 17630109 0 16
  9272 0  39787 17590615   2581  1 16820331 0 17621202 0 12
 10743 0  69085 17541012   2584  1 16880415 0 17601124 0 16
  3370 1  55812 17021206   2587  1 16470000 1 17320619 0 10
  8330 0  61897 17110521   2589  2 16730512 0 17520315 0  5
 11185 0   2588 17161231   2589  2 16730512 0 17520315 0  2
  1126 1  61063 17080827   2596  1 16321202 0 17041209 0  9
  1588 1   5391 16960000   2597  1 16450000 1 16650000 1  0
  8525 0  32185 17540315   2606  1 16810204 0 17560105 0  9
  9894 0   6752 17440111   2608  1 16870410 0 17700120 0 11
 10503 0  43007 17550127   2610  1 16930303 0 17690224 0  9
  7450 0   5985 17360826   2611  1 16730000 1 17490802 0  5
  7648 0  58288 17261031   2612  2 16780000 1 17490305 0 13
 15933 0   8662 17491029   2612  2 16780000 1 17490305 0  0
  9658 0   2614 17250512   2616  1 16771218 0 17170325 0  5
  7525 0  49635 17140925   2624  2 16760826 0 17470628 0 11
 13000 0   2614 17250512   2624  2 16760826 0 17470628 0  0
 12825 0   9124 17330620   2629  2 16960305 0 17850722 0  7
 20894 0   7410      -99   2629  2 16960305 0 17850722 0  0
 12851 0   5317 17680727   2630  1 16980415 0 17680616 0 12
 10867 0   2283 17580306   2642  1 16890522 0 17610704 0 10
  4204 1  40998      -99   2652  2 16550000 1 17301209 0 13
  8101 1  26577      -99   2652  2 16550000 1 17301209 0  2
 11042 0   2582 17590417   2653  1 16830323 0 17661120 0  7
  6454 0   2661 17221101   2662  1 16750000 1 17440704 0 17
 12558 0  62922 17680503   2665  1 16970222 0 17811007 0  5
 14355 0  74730 17450920   2667  1 16980711 0 17300502 0  2
 10038 0  54960 17500129   2693  1 16740912 0 17480212 0  5
 12195 0  61777 17360215   2702  1 16980224 0 17170313 0  1
  3160 0   2719 16880728   2720  1 16550720 0 17030720 0 11
 10214 0  41147 17540328   2724  1 16831117 0 17171116 0  5
  6291 0  19826 16920716   2727  2 16730000 1 17030104 0  1
  8541 0  61591 17070403   2727  2 16730000 1 17030104 0  3
 10372 0   2729 17240610   2730  1 16841219 0 17601208 0  6
 88726 0  37792      -99   2742  2 16910213 0 17330723 0  1
 14086 0   2700 17650817   2742  2 16910213 0 17330723 0  6
 13272 0   2747 17560426   2748  1 16980314 0 17381008 0 12
 12481 0   2699 17560711   2761  1 16990528 0 17851118 0 11
  6777 0   2683      -99   2767  2 16720328 0 17430501 0  6
 19450 0  20955 17590601   2767  2 16720328 0 17430501 0  0
 12550 0  47371 17340620   2769  2 16960906 0 17840331 0 11
 21895 0   4401 17550516   2769  2 16960906 0 17840331 0  0
  9984 0   2696 17441101   2774  1 16770404 0 17560609 0  7
 84838 0   2798 17540418   2799  1 16870117 0 17410509 0 11
 11932 0   2842 17321127   2856  2 16960709 0 17410708 0  8
 18953 0 112829 17561129   2856  2 16960709 0 17410708 0  2
 86375 0  16524      -99   2871  1 16730327 0 17170311 0 13
 11089 0  16284 17430930   2878  1 16920000 1 17260624 0  6
  8681 0   2890 17260710   2891  1 16750910 0 17580508 0 11
  1261 0  28824 16850830   2909  1 16460319 0 16850924 0  9
  3927 0  13259 17071006   2912  1 16521030 0 17131216 0  9
  6026 0  62451 17320119   2921  1 16670223 0 17350317 0  9
  7534 0  55492 17290410   2923  1 16701223 0 17030325 0  6
  8987 0  20307      -99   2925  1 16770108 0 17030317 0  0
 10862 0  40843 17230119   2926  2 16810218 0 17560602 0  3
 17126 0  70205      -99   2926  2 16810218 0 17560602 0  0
 10539 0   2937 17601023   2938  1 16880000 1 17780422 0 12
 12676 0   2960 17690131   2961  1 16970729 0 17481128 0  8
 10259 0  27160 17251127   2969  2 16890828 0 17821208 0 10
 15720 0   2968      -99   2969  2 16890828 0 17821208 0  2
 13456 0   2971 17760515   2972  1 16930115 0 17820919 0 11
  1432 1   2979 17140328   2980  1 16410000 1 17021008 0  8
  6203 0  75155      -99   2985  1 16700621 0 17230303 0 13
   462 1  19042 16650915   2990  1 16290122 0 17061129 0  8
   553 1   4377 16820822   2992  1 16330000 1 16910913 0 11
  1014 1   2834 16871025   2999  1 16390000 1 17081216 0 13
  4550 0  67570 17140223   3001  1 16600106 0 17030823 0 12
  5469 0  14361 16990606   3004  2 16680408 0 17070215 0  8
  8550 0  73905 17351222   3004  2 16680408 0 17070215 0  4
  7613 0  45959 17490928   3010  1 16780829 0 17420415 0  9
  4022 0   3015 17290701   3016  1 16570120 0 17180206 0  1
  6908 0  43296 17280626   3017  1 16751027 0 17050224 0  7
 12524 0   5794 17611107   3018  1 16980328 0 17460115 0  6
  7549 0   2920      -99   3029  1 16730108 0 17030206 0  2
 14463 0  62331 17261204   3036  2 16990910 0 17440802 0  3
 16269 0   3022 17810528   3036  2 16990910 0 17440802 0  7
  7320 0   3044 16991025   3045  1 16680619 0 17441004 0  5
  8470 0   3051 17410406   3052  1 16750306 0 17461126 0  8
 83901 0  49472 17081002   3063  1 16610222 0 17210909 0 12
 83902 0  31008 17190509   3064  1 16630730 0 17111220 0 11
 83903 0  72840      -99   3065  1 16660724 0 17190403 0 10
 83904 0  74071 17360410   3066  1 16690320 0 17230416 0 11
 83905 0  22896 17430817   3067  1 16720830 0 17540927 0  7
  1936 1  28484 17290112   3096  1 16490000 1 16740612 0  0
 83748 0   3097 17000504   3098  1 16490724 0 17081004 0  8
 83749 0  71118 17240215   3100  2 16700911 0 17520527 0  8
 83750 0  64857 17570318   3100  2 16700911 0 17520527 0  0
 83751 0  14629 17300107   3101  1 16721103 0 17000301 0  4
 83898 0  27407 17130828   3104  2 16830610 0 17510517 0  4
 83897 0  12613 17480130   3104  2 16830610 0 17510517 0  5
 83899 0  45945 17750416   3106  1 16890327 0 17550405 0 13
  8638 0  51653      -99   3109  2 16820212 0 17380425 0  1
 84228 0  13805 17310907   3109  2 16820212 0 17380425 0  9
  9579 0  55285 17270501   3112  1 16880000 1 17310527 0 11
  6989 0   3113 17441020   3114  1 16740304 0 17251220 0 12
 15999 0  49035 17900410   3115  1 16930910 0 17490703 0  6
  7591 0   3127 17450423   3128  1 16830510 0 17021230 0  2
  7691 0   3131      -99   3132  1 16790807 0 17041008 0  4
 12417 0  72927 17570806   3134  1 16990326 0 17540423 0 13
 83752 0   3102 17540113   3139  1 16820119 0 17560415 0 11
  9482 0   3108 17580000   3150  1 16860820 0 17240000 1  6
  8533 0  42437      -99   3155  2 16791014 0 17520417 0  0
  9810 0   3127 17450423   3155  2 16791014 0 17520417 0  1
 10588 0   3157 17480401   3158  1 16901017 0 17320504 0 12
 13208 0   2872 17570513   3171  2 16960729 0 17750314 0 10
 43131 0  21869 17740907   3171  2 16960729 0 17750314 0  0
 13875 0  57018 17220700   3189  2 16880428 0 17740506 0  1
 15645 0   3108 17580213   3189  2 16880428 0 17740506 0  3
 16087 0   3192 17610403   3193  1 16980101 0 17610409 0  8
 16888 0   3113 17441020   3197  1 16830826 0 17700204 0  0
  8124 0   3009 17290305   3198  2 16780313 0 17481225 0 15
 17208 0   2075 17430326   3198  2 16780313 0 17481225 0  0
  9283 0  57702      -99   3215  2 16860905 0 17550621 0  5
 12295 0   3214 17660505   3215  2 16860905 0 17550621 0  3
 84345 0   3224 16990403   3225  2 16720630 0 17300107 0  3
 84349 0   6622 17110729   3225  2 16720630 0 17300107 0  0
 16897 0  25761 17360115   3227  2 16970709 0 17540202 0  4
 20976 0 101528 17470520   3227  2 16970709 0 17540202 0  0
   650 0  60673 17060329   3241  1 16360622 0 17110418 0 13
  1022 0  29589      -99   3244  1 16440411 0 17300715 0 17
  7543 0   2914      -99   3250  1 16700215 0 16990603 0  3
  7001 0   3267 17090226   3268  1 16780903 0 17570716 0  6
 12884 0   3269 17340619   3277  1 16951223 0 17600602 0  4
 12568 0   3110      -99   3286  1 16980000 1 17641230 0  9
  7125 0   2983      -99   3288  1 16770116 0 17500126 0 12
   728 1   2993 17170419   3302  1 16360000 1 17271211 0 15
  2278 0  31099 16890604   3303  1 16550308 0 17330313 0 11
  5896 0  21122 17080122   3304  1 16630726 0 16980630 0  7
  7531 0  23847 17270119   3308  1 16701205 0 17030708 0  6
  5012 0  45261 17200813   3312  1 16610000 1 17390203 0 12
  1593 1   3242 17070513   3314  1 16460000 1 17050123 0 12
  5249 0  51307      -99   3315  3 16631213 0 17240320 0  1
  5690 0  38533 17110416   3315  3 16631213 0 17240320 0  9
 11124 0  37252 17450905   3315  3 16631213 0 17240320 0  0
  6446 0  52788 17351206   3318  1 16680811 0 17170715 0 10
  7782 0  16500 17470228   3320  1 16761027 0 17170302 0 12
  9326 0  16525 17550206   3321  1 16830109 0 17430715 0  9
  9756 0  16477 17680408   3322  1 16850912 0 17690623 0 11
  3849 0   2910 17020310   3325  1 16560305 0 17121122 0 10
 12150 0  58602 17351116   3329  1 16880921 0 17450116 0  8
 87624 0  21893 16771220   3333  2 16630830 0 17400607 0  0
 87623 0   3313 17400817   3333  2 16630830 0 17400607 0 12
  7475 0   2982 17450811   3346  1 16761112 0 17550612 0  7
 14626 0  47243 17540930   3347  1 16990731 0 17751120 0  9
  7788 0   3319      -99   3352  2 16800624 0 17650304 0 10
 12271 0  56361 17461118   3352  2 16800624 0 17650304 0  4
 83906 0   3068 17220829   3362  1 16820624 0 17510829 0 18
 83794 0   3103 17410524   3381  1 16821011 0 17470813 0 12
 10496 0  32540 17190721   3406  2 16900206 0 17711201 0  6
 15752 0   3405 17591022   3406  2 16900206 0 17711201 0  3
 86410 0   3323 17680509   3410  1 16940118 0 17580617 0 13
  6065 0   2835      -99   3428  1 16640529 0 16940201 0  6
  5652 0  71643 17021224   3443  2 16660101 0 17310516 0 13
  9389 0   3395 17420627   3443  2 16660101 0 17310516 0  5
  9740 0   3306 17420812   3448  1 16890316 0 17080423 0  2
  7129 0  23643      -99   3451  2 16770201 0 17150720 0  0
  7785 0   2869 17410519   3451  2 16770201 0 17150720 0 10
  6552 0   3478 16900426   3479  3 16730917 0 17490614 0  0
 86436 0  56859 17111230   3479  3 16730917 0 17490614 0 11
 12376 0  58461      -99   3479  3 16730917 0 17490614 0  1
   533 1  45578      -99   3481  2 16280000 1 16970520 0  0
   701 1   3480      -99   3481  2 16280000 1 16970520 0  7
  4014 0   4624 17081027   3483  1 16541209 0 17170618 0 11
  6614 0  37649 17270725   3486  1 16650812 0 17271001 0  7
   840 1   3492 16991125   3493  1 16420121 0 17210427 0 12
  5346 0  19949 17311208   3496  1 16651015 0 17310406 0 10
  6642 0  35233 17420808   3497  1 16700220 0 17310408 0  5
  5709 0  71079 17271017   3498  1 16720425 0 17540323 0 14
  7537 0  68910 17501114   3500  1 16760406 0 17330622 0 11
  7198 0   3488 17240810   3505  1 16750810 0 17481106 0  4
  1067 0   3514 16760720   3515  2 16430920 0 17310412 0  7
  5815 0  34885      -99   3515  2 16430920 0 17310412 0  0
  6534 0  64451 17410403   3521  1 16731225 0 17460422 0 19
  8394 0  61520 17210530   3522  1 16750710 0 17371215 0 13
  6962 0   3523 17380812   3524  1 16711121 0 17471224 0  1
 11607 0  72755 17560913   3525  1 16980524 0 17590104 0 17
 12577 0  58453      -99   3531  1 16990529 0 17600908 0 13
   946 1  36651 16640720   3563  2 16290000 1 17070206 0  5
  1839 1   3562      -99   3563  2 16290000 1 17070206 0  1
 11246 0   3565 17330910   3566  1 16940000 1 17430115 0  9
  4667 0  36052 16900702   3580  2 16610607 0 17310705 0  8
  7550 0   3489 17240301   3580  2 16610607 0 17310705 0  6
 16634 0  27983 17320709   3581  2 16961006 0 17610916 0  2
 23940 0  84012 17760317   3581  2 16961006 0 17610916 0  0
 87322 0  20479 17190213   3589  2 16920326 0 17570420 0  5
 87321 0   3588 17471214   3589  2 16920326 0 17570420 0  9
  2410 1  30891      -99   3603  1 16470000 1 17030831 0  9
 11902 0   3502 17271117   3604  1 16881019 0 17211218 0  5
 12719 0   3610      -99   3611  2 16980131 0 17850409 0 10
 51838 0  78980 17840727   3611  2 16980131 0 17850409 0  0
  9612 0  21174 17200629   3618  2 16780000 1 17540902 0  7
 14931 0   3502 17271117   3618  2 16780000 1 17540902 0  0
  7854 0  24253      -99   3622  1 16740310 0 17240208 0  1
  3351 1   3513      -99   3625  2 16530000 1 17191101 0  6
  5567 1  31112 17380213   3625  2 16530000 1 17191101 0  6
  8905 0  53402 17300410   3627  1 16750319 0 17580327 0  9
 10453 0   3630 17460714   3631  1 16940829 0 17571006 0 11
  2194 0  46219 16850914   3639  3 16541100 0 17321115 0 10
  5785 0  11999 16870816   3639  3 16541100 0 17321115 0  0
  5979 0   3517 17340825   3639  3 16541100 0 17321115 0  5
 13653 0  37987 17680517   3643  1 16950727 0 17561104 0  6
 10442 0   3629 17580621   3659  1 16920808 0 17601224 0  6
  6711 0   3662 17150813   3663  1 16720507 0 17420713 0  6
  7720 0   3600 17360513   3669  1 16791101 0 17360907 0 16
  3867 1  42027 17090315   3715  1 16530000 1 16991111 0 11
  8153 0   3716 17260626   3717  1 16780000 1 17410828 0 11
   541 1  31742 16900420   3731  1 16330000 1 16960914 0 14
  7408 0  27181      -99   3736  2 16730420 0 17450904 0  1
  8401 0   3735      -99   3736  2 16730420 0 17450904 0  6
  9005 0   3743 17540416   3744  1 16830801 0 17521221 0 11
 11605 0   3699 17780820   3756  1 16931027 0 17591110 0  7
  5347 0   3771 17001205   3772  1 16560215 0 17280619 0 11
 10170 0  25767 17220626   3773  1 16850708 0 17451025 0  8
 11801 0   3774 17520630   3784  1 16940206 0 17360104 0 10
  7917 0   3795 17420316   3796  1 16750829 0 17480422 0 10
 85247 0  23546 17041100   3817  1 16510818 0 16691200 0  2
   827 1  61658 16980805   3818  1 16380000 1 17061122 0 18
  1456 1   3828      -99   3829  2 16450000 1 17200122 0  4
  4910 1   6639 16990615   3829  2 16450000 1 17200122 0  5
  4908 0   7577 17071005   3831  1 16650224 0 17030704 0 11
  2927 1   3835      -99   3836  1 16490000 1 17111118 0  6
  6945 0  25304 17350923   3837  1 16700906 0 17380920 0  9
  8672 0  21850 17481231   3838  1 16760107 0 17291217 0  7
  3546 1   3843 17080615   3844  1 16510000 1 17180915 0  9
  7529 0   5608 17331222   3847  1 16760602 0 17650226 0 11
  6541 0   3854 17121014   3855  2 16710910 0 17530427 0  8
 11493 0  42556      -99   3855  2 16710910 0 17530427 0  0
 11433 0  40872 17641218   3858  1 16950505 0 17220512 0  5
  8400 0   3845 17581208   3867  1 16770716 0 17340701 0  6
  8713 0   3873 17180730   3874  2 16840808 0 17560507 0  9
 14052 0  10964 17470829   3874  2 16840808 0 17560507 0  1
 12443 0   3896 17220622   3897  2 16880827 0 17571119 0  4
 14683 0  66614 17450326   3897  2 16880827 0 17571119 0  2
 15125 0   3906      -99   3907  1 16970000 1 17871016 0  6
  1243 1   3826      -99   3921  2 16381102 0 17060924 0  2
  1600 1  72295 16990622   3921  2 16381102 0 17060924 0  9
  1691 0   3926 17130925   3927  1 16510405 0 17181031 0 12
  5358 0  46220 17220415   3929  1 16690703 0 17360126 0 15
  8716 0  27380 17330812   3932  1 16820808 0 17530204 0 17
  9346 0  69983 17400115   3934  1 16850926 0 17610501 0 10
 11637 0   9666 17370116   3935  1 16880509 0 17141028 0  1
  1947 0   3820 17110826   3937  1 16520423 0 17051228 0 10
 86050 0  49017 17111124   3938  1 16730512 0 17110521 0 11
  7108 0   8135 17030119   3939  2 16771118 0 17120221 0  6
  9387 0  70112 17271002   3939  2 16771118 0 17120221 0  4
  9473 0  41963 17490613   3942  1 16831107 0 17450823 0 11
  3341 1   3946      -99   3947  1 16510000 1 17150714 0  9
  5740 0  58056 17480323   3948  1 16710913 0 17550601 0 11
  9475 0  21743 17410227   3952  1 16880000 1 17480528 0  4
  6480 0   3954      -99   3960  1 16710118 0 17110402 0  9
 11167 0  53484 17681115   3961  1 16900422 0 17340424 0  8
 14000 0  31318 17480225   3964  1 16970703 0 17360206 0  7
  7109 0   3945 17370216   3972  1 16711022 0 16990820 0  3
 11991 0  22332 17260410   3973  2 16961003 0 17600323 0  7
 20704 0 100241 17600325   3973  2 16961003 0 17600323 0  1
  8615 0   3945 17370216   3975  1 16740911 0 17410426 0  9
 11390 0   3936 17710401   3985  1 16950423 0 17550330 0 11
 14664 0   4009 17700118   4010  1 16960205 0 17400207 0 10
 10394 0  59463 17440625   4022  1 16871105 0 17680126 0 13
  9311 0  56064 17490418   4023  1 16850000 1 17441030 0 11
  9704 0   3848 17231000   4024  2 16880927 0 17510823 0  9
 16681 0  47777      -99   4024  2 16880927 0 17510823 0  3
 13949 0   3782 17400722   4034  2 16970714 0 17501004 0  0
 22357 0 109096      -99   4034  2 16970714 0 17501004 0  0
 10885 0   3853 17480917   4035  1 16850222 0 17730114 0  8
 11460 0   4050 17280929   4051  1 16940000 1 17320329 0  8
  1685 1  38426 16810930   4069  2 16470000 1 17190109 0 10
  5183 1   4049 17260124   4069  2 16470000 1 17190109 0  3
  9562 0  25776 17550216   4072  1 16860930 0 17610613 0 13
  8256 0   3734 17420519   4074  1 16830120 0 17440602 0 12
  1421 1  57393 16660423   4098  2 16380000 1 16730829 0  0
  2115 1   4777 16820420   4098  2 16380000 1 16730829 0  1
  6135 0   3702 17001212   4104  2 16720312 0 17440512 0  8
  9152 0  48607 17440416   4104  2 16720312 0 17440512 0  6
 11949 0  26771 17640124   4109  1 16950123 0 17630428 0  9
  6993 0   3687 17081026   4112  1 16780117 0 17160120 0  6
 13016 0  75463 17540706   4120  1 16991115 0 17300704 0  9
 12382 0  64273 17620423   4130  1 16811112 0 17610818 0  6
  6533 0  23767 17230211   4132  1 16740000 1 17370331 0 13
  7393 0  45775 16990315   4133  2 16760000 1 17570814 0  3
  8700 0  23790 17610314   4133  2 16760000 1 17570814 0 11
  5852 0   3708 17370121   4135  1 16700312 0 17291208 0  6
  7781 0   3827 17350328   4138  1 16760000 1 17100403 0  8
 10635 0   4131 17520816   4146  1 16900420 0 17640508 0 14
  4202 1  22761 17000817   4160  2 16520809 0 17460103 0  9
 10711 1   3827 17350328   4160  2 16520809 0 17460103 0  0
 13350 0   4136 17500205   4161  1 16921216 0 17500202 0  7
  3641 1  38571 17031004   4170  1 16510000 1 17180809 0 10
  3724 1   4175 17110220   4176  1 16500000 1 17100710 0  8
  5926 0  56317 17190529   4177  1 16721210 0 16950320 0  3
  7126 0  52792 17241121   4178  1 16800112 0 17120922 0  5
  8790 0  58578 17081014   4180  2 16841212 0 17110605 0  3
 10866 0  24937 17430618   4180  2 16841212 0 17110605 0  0
  6472 0  68358 17150114   4183  1 16740000 1 17380126 0  7
  6791 0  21092 17131005   4185  1 16760000 1 17420512 0  7
  9532 0  32056      -99   4195  2 16850821 0 17561130 0  1
 11387 0  71566 17460716   4195  2 16850821 0 17561130 0  7
  9877 0  39584 17310624   4196  1 16900704 0 17150913 0  4
 10040 0  79591 17631126   4197  1 16880000 1 17310522 0 15
  5988 0  70238 17400106   4208  1 16690102 0 17310106 0 14
  9206 0  43324 17511129   4210  1 16740908 0 17560319 0  9
  6375 0   4213 17300120   4214  1 16750000 1 17590817 0 11
 10977 0   4233 17350207   4234  1 16930000 1 17780815 0 10
 11321 0  13673 17150325   4245  2 16920417 0 17510425 0  2
 13115 0   4242 17710514   4245  2 16920417 0 17510425 0  9
 11322 0   4252      -99   4253  1 16950521 0 17600910 0 15
  7225 0   4267 17030110   4268  2 16741209 0 17110215 0  4
  9456 0  40793 17110529   4268  2 16741209 0 17110215 0  3
 12904 0  36281 17590825   4269  1 16980927 0 17820503 0 10
  7714 0   4278 17411003   4279  1 16801010 0 17110608 0 11
  6919 0  40970 17110324   4290  2 16730228 0 17610405 0  7
 11150 0   4278 17411003   4290  2 16730228 0 17610405 0  2
  8453 0  68590      -99   4294  2 16800202 0 17560327 0  6
 12344 0   4293      -99   4294  2 16800202 0 17560327 0  1
  1165 1  21088      -99   4310  1 16350000 1 16640617 0  2
  5206 0   4311 17320226   4312  1 16661204 0 17420311 0 15
 11278 0  62491 17230400   4319  2 16960408 0 17420200 0  9
 14779 0   5262 17840800   4319  2 16960408 0 17420200 0  0
  4971 0  72905      -99   4329  2 16640512 0 17030116 0  1
  5097 0  58397 16990514   4329  2 16640512 0 17030116 0  8
  2150 1   4330 17110710   4332  1 16470517 0 17101119 0 17
  8302 0  10471 17130112   4335  1 16730616 0 17150405 0  3
  7355 0  66845 17350120   4338  1 16770225 0 17470721 0 18
 12078 0  66851 17370127   4343  1 16910711 0 17340728 0  6
 11277 0  35673 17680509   4344  1 16940118 0 17190615 0  6
 11868 0   4401 17550516   4402  1 16920112 0 17400710 0 10
 12958 0   4413 17420120   4414  1 16990902 0 17330520 0  9
  9964 0   4426      -99   4427  1 16881212 0 17331201 0 15
  4790 0   4331 17011011   4445  2 16650108 0 17350322 0 12
 13219 0  62025 17441230   4445  2 16650108 0 17350322 0  0
 84282 0  16380 17231103   4448  1 16821026 0 17260304 0 10
 10570 0  63126 17621212   4450  1 16910123 0 17800606 0 15
 13521 0  30217      -99   4451  1 16970710 0 17550112 0 11
  8527 0   4454 17431112   4455  1 16781120 0 17130224 0  8
 13377 0   4465 17750321   4466  1 16991124 0 17270908 0  4
 87283 0   4477      -99   4478  1 16871112 0 17500108 0 11
 10121 0   4341 17571023   4495  1 16881122 0 17691124 0 15
  3484 0   4444 16950809   4510  1 16540109 0 16940124 0 10
 10594 0  49938 17710810   4516  1 16910706 0 17670613 0 17
  3470 0  44562 17200219   4528  1 16501211 0 17341211 0 10
  4027 0  17861 17270313   4530  1 16590717 0 17001121 0 12
  5157 0  22063      -99   4531  2 16611119 0 17301120 0  2
  6021 0  70573 17390700   4531  2 16611119 0 17301120 0  9
  5966 0  63453 17081211   4532  1 16650321 0 17060423 0  7
  7993 0  72599 17151022   4534  1 16710706 0 16990525 0  1
  9435 0   4906 17320613   4536  1 16800624 0 17041218 0  0
  1778 0   4383 16950128   4537  1 16511231 0 17230306 0  8
  6465 0  17252 16910607   4538  2 16681208 0 17360414 0  1
  7021 0  29685 17280415   4538  2 16681208 0 17360414 0  8
  7668 0  65572 17140318   4540  2 16730503 0 17270721 0 11
 12549 0  72862 17481021   4540  2 16730503 0 17270721 0  0
 11335 0  31828      -99   4541  1 16860609 0 17711216 0  8
  4955 0   4545 17270725   4546  1 16640917 0 16991208 0 10
  9192 0  42193 17381211   4548  1 16820101 0 17130408 0  5
 10405 0  67235 17610705   4551  1 16880508 0 17481014 0 11
 16092 0  42198 17580115   4553  1 16920420 0 17710813 0  3
  9792 0   4557      -99   4558  1 16820818 0 17560923 0 10
 13012 0   4574 17700418   4575  1 16971013 0 17720407 0 12
 85940 0   4599 17491123   4600  1 16940000 1 17691026 0  5
  2447 1  41311 16871113   4614  2 16510000 1 17280330 0  7
  6200 1  38713 16990912   4614  2 16510000 1 17280330 0  3
  3823 1   4628 17010410   4629  2 16530000 1 17150501 0  4
 10364 1  54554 17150311   4629  2 16530000 1 17150501 0  0
  9144 0  10985 17260520   4635  1 16780416 0 17430525 0  8
 10671 0  48151 17560618   4640  1 16881024 0 17590319 0  9
 10656 0   4631 17441017   4662  1 16920110 0 17340307 0 10
 12071 0   4634      -99   4671  1 16800725 0 17451116 0  4
  9060 0   4687 17490925   4688  1 16860530 0 17560519 0 16
   539 1  30592 16580211   4709  2 16310507 0 17060808 0  3
  1124 1  10268 17110424   4709  2 16310507 0 17060808 0  9
  3414 1  54643      -99   4714  3 16510000 1 17261021 0  2
  3924 1   4713      -99   4714  3 16510000 1 17261021 0 11
 11329 1  55504      -99   4714  3 16510000 1 17261021 0  0
  8199 0  13568 17081220   4715  1 16721209 0 16990903 0  0
  8198 0  74052 17050222   4717  1 16760213 0 17030525 0  2
  9401 0  58140 17420206   4721  1 16820927 0 17400514 0  5
 10065 0  50755      -99   4722  3 16840207 0 17670721 0  0
 10518 0  23396 17190403   4722  3 16840207 0 17670721 0  5
 86385 0  75467 17790511   4722  3 16840207 0 17670721 0  0
 10793 0   6818      -99   4723  1 16851017 0 17160419 0  3
 12210 0  43705 17621228   4726  1 16950513 0 17221123 0  5
  9280 0   4716 17540801   4734  1 16890326 0 17640122 0 19
 11357 0   4637 17470809   4752  1 16900124 0 17440130 0 11
 13239 0   4588      -99   4763  2 16980228 0 17410826 0  1
 15592 0  23639      -99   4763  2 16980228 0 17410826 0  3
 12452 0   4639 17340525   4774  2 16990319 0 17760630 0  0
 19780 0  93232 17731027   4774  2 16990319 0 17760630 0  5
  6739 0   4802 17081101   4803  2 16730130 0 17551228 0 12
 10706 0  61593 17591123   4803  2 16730130 0 17551228 0  0
 10600 0  27504      -99   4805  2 16930601 0 17520514 0  1
 18180 0  81450 17520514   4805  2 16930601 0 17520514 0  2
 11310 0  46089      -99   4806  1 16941010 0 17350718 0 10
 12032 0  46061 17440607   4807  2 16951121 0 17790715 0 14
 25808 0  46717 17810929   4807  2 16951121 0 17790715 0  0
  8944 0   4719 17560320   4825  1 16790000 1 17591024 0  7
 10272 0   4832 17251206   4833  3 16870612 0 17711126 0 11
 18554 0  84519 17410720   4833  3 16870612 0 17711126 0  1
 24339 0  20955 17590601   4833  3 16870612 0 17711126 0  0
 10785 0   4804      -99   4847  1 16940902 0 17150407 0  3
  4622 0   4777 16820420   4854  1 16600918 0 16811013 0  2
  9030 0  42678 17080814   4855  1 16780813 0 17030320 0  1
  9212 0  50944 17480130   4856  1 16800420 0 17170410 0  7
  8978 0  39048 17251011   4861  2 16790401 0 17630901 0 12
 16166 0 166771 17910212   4861  2 16790401 0 17630901 0  0
  7073 0   4866 17310726   4867  1 16771025 0 17560112 0 13
 11565 0  27047 17500411   4868  1 16941028 0 17720621 0 12
  8771 0  26193 17180609   4880  2 16830728 0 17491214 0  0
 13262 0   4879 17650809   4880  2 16830728 0 17491214 0  2
 15722 0  27900 17590707   4900  1 16980107 0 17640412 0  7
 14078 0   4906 17320613   4911  1 16770513 0 17670113 0  0
 16523 0   4874 17811124   4916  1 16940710 0 17660325 0  0
 12315 0   4931 17570206   4932  2 16930409 0 17730208 0  0
 36678 0 159084      -99   4932  2 16930409 0 17730208 0  0
  4191 0   4930 17081112   4933  1 16560202 0 17311223 0 12
  8268 0   9259 17230125   4934  2 16801009 0 17490421 0  0
 19751 0 140172 17781209   4934  2 16801009 0 17490421 0  0
 10702 0  16690 17600427   4937  1 16860604 0 17561217 0 10
 13307 0  12255 17640906   4939  1 16991020 0 17760525 0 12
  4669 0  74071 17360410   4948  1 16630820 0 16800215 0  2
 87184 0  68771 17230526   4949  1 16660425 0 17480707 0 12
  3908 1  51746 16930700   4952  1 16550000 1 17231112 0  9
  6390 0  15107 16931007   4969  3 16710808 0 17290315 0  2
  7274 0  64381      -99   4969  3 16710808 0 17290315 0 11
 13203 0   4947 17320814   4969  3 16710808 0 17290315 0  0
 14065 0   4970 17561019   4971  1 16990621 0 17480416 0 13
  6274 0   4976 17201017   4977  1 16731028 0 17670407 0 15
 10700 0  54725      -99   4978  1 16900121 0 17580531 0 10
 14723 0  54482      -99   4979  1 16910327 0 17651204 0  4
 11118 0  73620 17520930   4980  1 16921130 0 17790308 0 11
 85189 0  40894 17191115   5002  2 16840611 0 17511211 0  7
 85188 0   4982 17780916   5002  2 16840611 0 17511211 0  3
  2577 1   4968 17081225   5006  1 16540708 0 17220727 0 12
  5532 0  29027 17440224   5007  1 16690802 0 16871003 0  1
  7524 0  42159 17450122   5008  1 16720623 0 17001214 0  3
  7060 0  65369      -99   5010  1 16751105 0 16951221 0  1
  1440 1   4965 17171126   5017  1 16390000 1 17210305 0  6
  5365 0  62571 17150628   5018  1 16660711 0 17370422 0 11
  5650 0  14466 17360505   5019  1 16690127 0 17480123 0 12
  5019 0  53108 17161127   5021  1 16620207 0 17430323 0 10
  7670 0  45017 17480522   5022  1 16750000 1 17601122 0 11
  8462 0   5023 17560514   5024  1 16830925 0 17030303 0  3
 86342 0  33802 17030117   5028  2 16650330 0 17261027 0 14
 86341 0   5023 17560514   5028  2 16650330 0 17261027 0  2
  6937 0  70671      -99   5034  2 16770000 1 17551218 0  8
 83648 0   5023 17560514   5034  2 16770000 1 17551218 0  1
  8194 0   4951 17420410   5040  1 16790426 0 17570617 0  8
 10241 0  35105 17200505   5049  2 16900519 0 17750402 0  5
 15400 0   4983 17750913   5049  2 16900519 0 17750402 0  0
 13089 0   5050      -99   5051  1 16930523 0 17610803 0  6
 11306 0  63031 17211116   5058  2 16940122 0 17510329 0  5
 16105 0   5057 17570327   5058  2 16940122 0 17510329 0  3
  4270 0   5072 17160404   5073  1 16580826 0 17280228 0  9
  7603 0  55593 17260822   5075  1 16790523 0 17021230 0  3
  9140 0  42418 17461216   5076  1 16820128 0 17380421 0 13
 88107 0  39303 17321204   5077  1 16841113 0 17410207 0 15
 12871 0  70121 17861202    503  1 16970907 0 17650610 0 14
   525 1   5071 16540305   5084  1 16310527 0 17000202 0  2
 87896 0   5080 17580721   5086  1 16940414 0 17491209 0 10
  3353 1  38924 17201130   5098  1 16510000 1 16960123 0 12
  2609 0   5108 17080504   5109  1 16520318 0 17311210 0 14
  9071 0  18190 17030116   5114  1 16770714 0 17670407 0  1
  9101 0  13072 17110601   5135  3 16840111 0 17530522 0  4
 11238 0   5134 17350508   5135  3 16840111 0 17530522 0  8
 84098 0   5224 17540615   5135  3 16840111 0 17530522 0  0
 86413 1  56858 16880127   5146  1 16450000 1 16880130 0  6
  8466 0   5189 17581218   5190  1 16740704 0 17150614 0  5
 10705 0   5196      -99   5197  2 16890930 0 17470225 0 10
 16317 0  25103 17690217   5197  2 16890930 0 17470225 0  3
  8956 0  43409 17080130   5208  3 16821227 0 17651019 0  2
 10411 0  12139 17150409   5208  3 16821227 0 17651019 0  4
 12238 0   5189 17581218   5208  3 16821227 0 17651019 0  5
 84096 0  53994      -99   5223  1 16770109 0 17110409 0  9
  2853 1  74850      -99   5238  2 16460000 1 16921128 0  4
  4621 1  30416 17160828   5238  2 16460000 1 16921128 0  7
  3096 0   5149 17070714   5248  1 16550320 0 17220210 0 15
  6943 0  39694 17370727   5249  1 16740512 0 17550911 0 12
  7725 0  50416 17430712   5253  1 16780406 0 17491220 0 14
  8528 0  28787 17280429   5254  1 16801027 0 17760112 0 10
 10455 0  27993 17530311   5258  1 16880526 0 17621230 0 11
 14067 0  43635 17541220   5261  1 16960102 0 17480303 0  7
 11338 0   5241      -99   5266  1 16941022 0 17170622 0  0
  4703 0  63632 17200309   5270  1 16610909 0 17200730 0 13
  4583 0  13850 17300517   5271  1 16631116 0 16990629 0  7
  3903 0   5275 17181222   5276  1 16590713 0 16851105 0  5
  8480 0  71768 17480212   5278  1 16790813 0 17491222 0  6
  4600 0   5282      -99   5283  1 16590000 1 16780821 0  1
  5616 0   5275 17181222   5285  1 16691127 0 17500215 0 13
 13316 0   8752 17530517   5290  1 16920225 0 17680326 0 10
 13353 0  48323 17610204   5294  1 16990327 0 17801030 0 10
  8849 0  28002 17030120   5299  2 16830401 0 17550322 0  1
  9274 0   5277 17230415   5299  2 16830401 0 17550322 0  3
 11609 0   5259 17720311   5307  1 16940530 0 17711112 0 14
  2396 1  12937 16901203   5334  1 16420000 1 16771031 0  4
  3950 1  74038 16870827   5337  2 16470000 1 17340326 0  6
  7879 1  27538 17181123   5337  2 16470000 1 17340326 0  0
 84130 0   5229 17590821   5338  1 16800816 0 17601106 0  8
  9229 0  17669      -99   5350  2 16830920 0 17470924 0  6
 15608 0   5181 17640217   5350  2 16830920 0 17470924 0  1
 86344 0   5352 17640108   5353  1 16980206 0 17330724 0  4
  5687 0   5358 17380430   5359  1 16710430 0 17340715 0 14
 12991 0  53517 17680920   5362  1 16930407 0 17650427 0  8
  9995 0  54170 17670204   5366  1 16870000 1 17640320 0  8
 10303 0   5252 17440116   5372  1 16880803 0 17141014 0  3
 11503 0   5375 17591224   5376  1 16900201 0 17330921 0  5
 11998 0   5252 17440116   5380  1 16930124 0 17651031 0  8
 11864 0   5360 17710513   5386  1 16970331 0 17330731 0  4
  1284 1  30661 16690520   5395  2 16400000 1 16711117 0  4
  3567 1   5394      -99   5395  2 16400000 1 16711117 0  0
  7746 0  18082      -99   5400  1 16761130 0 17500206 0 11
 12309 0   6903 17160714   5402  2 16830729 0 17530510 0  0
 14610 0  15828 17521027   5402  2 16830729 0 17530510 0  0
  6133 0  40718      -99   5404  1 16740000 1 17280117 0  0
 10956 0  28466 17550618   5405  1 16920000 1 17320317 0 11
  4539 0   5408      -99   5409  2 16611108 0 17490220 0  0
  4965 0  68052 17000509   5409  2 16611108 0 17490220 0  9
  1960 0  12373      -99   5411  2 16490130 0 17261204 0  5
  4636 0   5410 17310308   5411  2 16490130 0 17261204 0  6
  9020 0  32800 17150512   5413  1 16830319 0 17720419 0  5
  9998 0  40574 17491222   5415  1 16870119 0 17630603 0  0
  8446 0   5331 17330129   5422  1 16780813 0 17440509 0  0
  8698 0   5250 17450329   5423  1 16820228 0 17141012 0  5
  7892 0  40232 17081209   5443  2 16781221 0 17270430 0  6
 10491 0   5442 17520327   5443  2 16781221 0 17270430 0  6
 10560 0   5414 17690503   5449  1 16870828 0 17740218 0 10
 11188 0   5461      -99   5462  1 16880824 0 17591221 0 11
 11964 0   5250 17450329   5473  1 16920118 0 17191121 0  0
  6686 0  51262 17030109   5474  3 16760227 0 17610506 0  6
  9516 0  54291      -99   5474  3 16760227 0 17610506 0  6
 13726 0   5250 17450329   5474  3 16760227 0 17610506 0  0
  2019 1   5482 17301001   5483  1 16360000 1 17040531 0  4
  4940 0  74671      -99   5484  2 16670114 0 17470212 0  6
  8958 0  25532 17320922   5484  2 16670114 0 17470212 0  6
  5782 0  47893 17340915   5486  1 16720415 0 17030222 0  6
  3454 0  39825      -99   5490  2 16550211 0 17471030 0  8
  9446 0   5482 17301001   5490  2 16550211 0 17471030 0  0
 10413 0     92 17630502   5498  1 16901101 0 17640125 0 14
  2785 1  68357 17261222   5520  1 16470000 1 17061122 0  5
  8081 0   5521 17281015   5522  1 16800821 0 17240124 0 11
 10390 0  55641 17560310   5539  1 16841113 0 17580327 0 12
  7452 0  61138 16980720   5540  2 16730624 0 17131111 0  2
  9021 0   5412 17590424   5540  2 16730624 0 17131111 0  7
 12187 0   5412 17590424   5548  1 16910426 0 17440723 0 10
 15062 0   5406 17420228   5557  1 16990526 0 17581213 0  4
 13194 0   5562      -99   5563  1 16980919 0 17280924 0  4
 15568 0   5570 17360324   5571  2 16940608 0 17661108 0  0
 22318 0   9112 17540927   5571  2 16940608 0 17661108 0  0
 16628 0   5562      -99   5572  1 16830830 0 17520911 0  0
  7114 0  52768 17021211   5579  2 16700207 0 17140602 0  6
  9804 0   5578 17440927   5579  2 16700207 0 17140602 0  5
  4975 0  40427 17110508   5585  2 16640822 0 17320302 0  6
 12623 0   5578 17440927   5585  2 16640822 0 17320302 0  0
  7439 0   5593 17360216   5594  1 16780207 0 17650318 0 10
 88201 0  32130 17821005   5595  1 16961227 0 17670416 0 12
  2888 1   5536 17000216   5605  1 16460000 1 16880629 0 10
 11821 0  46741 17470423   5611  1 16880629 0 17650506 0  9
  6727 0  12246      -99   5617  2 16730202 0 17491211 0  5
  8786 0  32866 17240327   5617  2 16730202 0 17491211 0  5
 85474 0  28893 17190704   5618  2 16780128 0 17581019 0 11
 14244 0  17212 17480528   5618  2 16780128 0 17581019 0  1
  6377 0   5536 17000216   5629  2 16690914 0 17150622 0  5
  8711 0  61492 17540512   5629  2 16690914 0 17150622 0  7
 12056 0  20207 17520321   5631  1 16950000 1 17321209 0  6
 11687 0  66802 17470206   5634  1 16950215 0 17260205 0  5
  8697 0  70954 17590523   5644  1 16760530 0 17530526 0  9
 12253 0   5361      -99   5658  1 16961013 0 17491014 0 10
 13553 0   5635 17340404   5662  1 16950000 1 17590425 0  7
  3930 1  35859 17180521   5692  1 16590410 0 17360221 0  3
  6322 0   9888 17410917   5693  1 16740809 0 17510923 0 14
 85678 0  36454 17160429   5703  1 16790618 0 17490615 0  9
 10329 0  27682 17670104   5708  1 16900928 0 17680428 0 15
 12102 0  40577 17240202   5709  1 16920326 0 17160926 0  1
 12541 0  66190 17430422   5710  1 16940228 0 17200610 0  2
 13312 0  62034 17770423   5713  1 16990928 0 17721115 0  8
  1848 1   5737      -99   5738  3 16510000 1 17281012 0  0
  5435 1  19095 17070111   5738  3 16510000 1 17281012 0  0
 11257 1   9865 17291130   5738  3 16510000 1 17281012 0  0
 12641 0  54173 17561115   5756  1 16940419 0 17420118 0  4
  4104 1   7676 17260208   5761  1 16520000 1 17181207 0  9
  9360 0   7851 17291210   5785  1 16760305 0 17590527 0  7
  8748 0  50035 17150817   5786  1 16770530 0 17621118 0  5
  5594 0   5791 17321130   5792  1 16660000 1 17241206 0 11
 11506 0   5793 17280619   5801  2 16930126 0 17580430 0  8
 17115 0  69946 17950720   5801  2 16930126 0 17580430 0  2
   928 1   5809 17020404   5810  1 16340000 1 16940924 0 10
  4967 0  69515      -99   5817  2 16641127 0 17281105 0 10
  8920 0  34878 17510105   5817  2 16641127 0 17281105 0  4
 11589 0   5826 17281006   5827  2 16920000 1 17730226 0  9
 17092 0  69712 17850522   5827  2 16920000 1 17730226 0  3
   883 1   5837 17120208   5838  1 16380000 1 17180327 0  7
  5228 0   5841 16990903   5864  1 16651004 0 16830809 0  0
  5483 0   5841 16990903   5865  1 16670208 0 17190925 0  8
 13807 0  53410 17670327   5870  1 16970000 1 17570811 0  2
  7581 0   5819 17030126   5871  2 16790415 0 17110414 0  6
  9448 0  74041 17460314   5871  2 16790415 0 17110414 0  5
 12188 0  37020 17341111   5872  2 16970127 0 17760411 0 11
 20022 0  95659 17790120   5872  2 16970127 0 17760411 0  0
 12400 0   5867 17360510   5878  1 16980302 0 17810218 0  9
  5772 0   5814      -99   5897  1 16701227 0 16880809 0  1
  6268 0   5814      -99   5899  1 16710419 0 17010506 0  1
  7954 0  47232 17001222   5901  2 16750313 0 17600727 0  2
  8872 0   5814      -99   5901  2 16750313 0 17600727 0  5
  6934 0   7685 16980203   5917  3 16750705 0 17420504 0  3
  8628 0  23274      -99   5917  3 16750705 0 17420504 0  4
 11267 0  70613 17540616   5917  3 16750705 0 17420504 0  3
 15061 0   5921 17730218   5923  1 16990000 1 17701213 0  6
  7711 0   5816 17421203   5929  1 16811205 0 17370501 0  8
  8540 0   5916      -99   5954  1 16850517 0 17101201 0  4
 10914 0   5916      -99   5958  1 16890313 0 17160704 0  1
 12469 0   5916      -99   5959  3 16950519 0 17660708 0  2
 13809 0  31720 17480425   5959  3 16950519 0 17660708 0  6
 26585 0  21309 17590619   5959  3 16950519 0 17660708 0  0
  6378 0   5840 17421125   5960  1 16700316 0 17160121 0 10
 13802 0  45682 17570302   5964  1 16990625 0 17691025 0  8
  9335 0   5820 17141222   5971  2 16870820 0 17731104 0  8
 12221 0  22314 17650613   5971  2 16870820 0 17731104 0  7
  8975 0  33510 17550312   5988  1 16830725 0 17601111 0 12
  9521 0   6003 17491227   6004  1 16890616 0 17091130 0  4
 10868 0   6003 17491227   6010  1 16900828 0 17500105 0 17
  7215 0   6226 17360418   6037  1 16741013 0 17030312 0  3
 16538 0  70360 17620311   6039  1 16990607 0 17680818 0  7
  9223 0   6226 17360418   6041  1 16800220 0 17501204 0 12
 87763 0   6054 16921214   6055  2 16500111 0 17110424 0  9
 87762 0  31773 17081125   6055  2 16500111 0 17110424 0  0
  6339 0  33652 16990812   6057  2 16700808 0 17131001 0  5
  8561 0  41585 17520911   6057  2 16700808 0 17131001 0  1
  6773 0  44191      -99   6058  2 16730202 0 17030111 0  2
  7642 0  42418 17461216   6058  2 16730202 0 17030111 0  4
  9772 0  31333 17590216   6061  1 16861117 0 17430319 0 15
  6885 0   6056      -99   6063  1 16740304 0 17490428 0 16
 11022 0   6079 17601026   6080  1 16910312 0 17380816 0 10
 12012 0   6097      -99   6098  2 16990420 0 17580424 0  7
 16237 0  45924 17590816   6098  2 16990420 0 17580424 0  7
   275 1   6111      -99   6112  1 16240318 0 16960829 0 12
  1674 0  10382      -99   6114  2 16451123 0 17030122 0  2
  2162 0  51045 16900701   6114  2 16451123 0 17030122 0 11
  1910 0  45091 16881207   6116  2 16500630 0 17101003 0 11
  6757 0  67315      -99   6116  2 16500630 0 17101003 0  1
  4130 0  51211      -99   6117  3 16520611 0 16980118 0  0
  4282 0  23973 16871101   6117  3 16520611 0 16980118 0  7
  6107 0  32661 17370525   6117  3 16520611 0 16980118 0  3
 87988 0  39349 17091204   6123  1 16570000 1 17260705 0 12
 11572 0  56515      -99   6135  1 16950000 1 17300303 0 10
 87068 0   6137 17280215   6138  1 16820328 0 17260214 0 12
 87867 0   6150 17271112   6151  1 16890204 0 17590522 0 12
 12069 0   6062 17210122   6164  2 16921229 0 17791014 0  3
 13867 0  43497      -99   6164  2 16921229 0 17791014 0  7
 12394 0   6168 17330427   6169  2 16930204 0 17780424 0  4
 18787 0  33610 17690613   6169  2 16930204 0 17780424 0  0
 10935 0   6174      -99   6175  1 16910623 0 17170722 0  3
 12625 0   6174      -99   6179  1 16920000 1 17360215 0  9
 86951 0   6120 16990817   6187  2 16730316 0 17560612 0  4
 86950 0  67408 17150515   6187  2 16730316 0 17560612 0  7
  8547 0  31663 17360209   6197  2 16820223 0 17491009 0  9
 20734 0  41077 17490420   6197  2 16820223 0 17491009 0  0
  5236 0   6118 17241001   6200  1 16650202 0 17351029 0 12
 10734 0  46705 17260423   6204  2 16920621 0 17770108 0  7
 15874 0  27616 17800216   6204  2 16920621 0 17770108 0  5
 14502 0  46788 17600500   6205  1 16941110 0 17260100 0  2
 11302 0  39187 17280514   6206  1 16961220 0 17150704 0  0
 13384 0   6128 17610627   6214  1 16960410 0 17660826 0 11
 85345 1   6222 16821019   6223  1 16400000 1 17111106 0 12
  5189 0  68187      -99   6225  2 16611123 0 17410317 0  6
  8636 0  69203 17240209   6225  2 16611123 0 17410317 0  5
  5665 0  36922 17330116   6227  1 16650301 0 17070227 0 12
  5610 0  14311 17011006   6229  2 16681019 0 17190107 0  7
  9696 0  62025 17441230   6229  2 16681019 0 17190107 0  5
  7590 0  62209 17270401   6232  1 16801013 0 17460621 0 14
  7589 0  62343 17270202   6233  1 16780000 1 17501115 0 10
 10452 0  62933 17311205   6235  1 16760000 1 17100612 0  1
  8450 0   6230 17420412   6236  1 16810302 0 17580310 0 13
  7536 0  32898 17030124   6250  2 16810510 0 17540310 0  3
  9384 0   6231 17170501   6250  2 16810510 0 17540310 0  6
  8498 0   6036 17030302   6257  1 16840326 0 17030304 0  2
 12403 0   6064 17571204   6260  1 16980423 0 17571204 0 10
 14883 0   6209 17620731   6267  1 16980217 0 17730820 0  8
  9734 0  50508      -99   6277  1 16881003 0 17710102 0 12
  8952 0  32064 17501217   6281  1 16830228 0 17460729 0 13
 10352 0  52200 17401122   6283  1 16850118 0 17470819 0 11
 10933 0  33708 17280218   6284  3 16920709 0 17500226 0  8
 17157 0  11259 17310901   6284  3 16920709 0 17500226 0  0
 19400 0  90236 17580107   6284  3 16920709 0 17500226 0  0
 11729 0   6285 17440420   6286  1 16950221 0 17600404 0 13
 13686 0   6297 17601225   6298  1 16980000 1 17800611 0 11
  5982 0   6305 16950127   6306  2 16721217 0 17250302 0  4
  7836 0  11235 17390816   6306  2 16721217 0 17250302 0  8
  6594 0   6317 17400929   6318  1 16751007 0 17030109 0  4
 11533 0  68440 17370818   6319  1 16911213 0 17890418 0 13
 12725 0  71772 17450502   6321  1 16950320 0 17480405 0  7
  8210 0   6343 17360320   6344  1 16801008 0 17560825 0 11
  5199 0   6373 17101124   6374  1 16600810 0 17150222 0  9
 12881 0  63657 17410618   6376  1 16860312 0 17560605 0  5
  3615 1  54980      -99   6388  3 16510000 1 17281117 0  5
  5978 1  66055 16990724   6388  3 16510000 1 17281117 0  0
  8780 1  32012 17380917   6388  3 16510000 1 17281117 0  0
 10497 0  19028 17120108   6400  4 16860502 0 17720731 0  2
 11836 0   6399 17240430   6400  4 16860502 0 17720731 0  3
 15813 0  63617 17310202   6400  4 16860502 0 17720731 0  2
 18499 0  86106 17640620   6400  4 16860502 0 17720731 0  0
  4461 0   6404 17060509   6408  1 16620422 0 17440221 0 15
  9519 0  18266 17560620   6413  1 16830518 0 17301109 0  8
  9971 0   9596 17520323   6414  1 16850825 0 17540412 0  8
 10529 0  43044 17690912   6422  1 16920000 1 17681029 0  8
  7366 0   6428 17441104   6429  1 16770921 0 17470105 0 14
 13311 0  36377 17671016   6430  1 16991104 0 17581230 0 14
  1801 0  43346 16730731   6446  3 16510504 0 17290819 0  3
  4291 0   9601 16780108   6446  3 16510504 0 17290819 0  2
  5044 0  51499 17071016   6446  3 16510504 0 17290819 0  8
  4643 1   9518 16800816   6452  2 16560000 1 17340603 0  3
  5007 1   6451 17370424   6452  2 16560000 1 17340603 0 12
  9860 0  45636 17350613   6454  1 16821105 0 17551224 0  9
  9854 0  69262 17660302   6457  1 16870413 0 17691215 0 11
  5293 0   6449 16940401   6465  2 16650811 0 17320707 0  4
  9205 0  60669 17130113   6465  2 16650811 0 17320707 0  3
 10002 0  41903 17600128   6468  1 16880927 0 17430320 0 10
 13366 0  41545 17370311   6469  1 16930705 0 17480205 0  7
 11608 0   6467 17620225   6479  1 16900523 0 17220527 0  4
 12322 0   6458 17440626   6487  1 16981014 0 17180319 0  0
 13899 0   6493 17670111   6494  1 16940331 0 17470901 0  5
 15223 0   6467 17620225   6497  1 16990910 0 17770729 0 11
  3568 0  52615      -99   6505  2 16581023 0 17350516 0  0
  4503 0   6504 17241223   6505  2 16581023 0 17350516 0  9
  8709 0  31135 17490727   6506  1 16780206 0 17591220 0 10
  2739 0  72337 17340320   6519  1 16541105 0 17330819 0 15
  3519 0   6407 17190409   6521  1 16600124 0 17120530 0  7
  8695 0  30299 17440409   6525  1 16791201 0 17540913 0  7
  8082 0  67741 17601019   6526  1 16820226 0 17460329 0 13
 10489 0  65233 17150218   6528  3 16851121 0 17601110 0  4
 12555 0  38249 17220410   6528  3 16851121 0 17601110 0  2
 84019 0   8923 17630301   6528  3 16851121 0 17601110 0  1
 10113 0   6527 17090207   6531  2 16870319 0 17170927 0  1
 10947 0   9043 17530110   6531  2 16870319 0 17170927 0  4
  5354 0   6447 17120902   6535  1 16670116 0 17030407 0  8
  8909 0  45098 17590326   6536  1 16850324 0 17170510 0  9
 13754 0  65814 17671214   6550  1 16970306 0 17480425 0  6
 10070 0   6447 17120902   6559  2 16901215 0 17491201 0  3
 12517 0  20094 17330404   6559  2 16901215 0 17491201 0  8
 11002 0   6466 17491207   6563  1 16930317 0 17500725 0 15
  6952 0   6547 17330429   6592  1 16750210 0 17030225 0  6
 13243 0  71246 17300401   6595  1 16970727 0 17610622 0  8
  9168 0   6547 17330429   6599  1 16830710 0 17580630 0  0
 10400 0  67123 17401120   6602  1 16901213 0 17760530 0  7
 84344 0   6609      -99   6610  2 16540226 0 17271122 0  2
  5208 0  29841 17300910   6610  2 16540226 0 17271122 0  5
  1878 1  56399      -99   6614  3 16410000 1 17101211 0  7
  5697 1  42776      -99   6614  3 16410000 1 17101211 0  0
  6150 1  13156 17020816   6614  3 16410000 1 17101211 0  0
  4746 0  12305 16921206   6623  2 16600622 0 17000208 0  6
 84347 0   6622 17110729   6623  2 16600622 0 17000208 0  3
 87630 0  21457      -99   6625  1 16980302 0 17280810 0  3
 10535 0   6640 17590929   6641  1 16870203 0 17330102 0 11
  9095 0   6655 17550128   6665  1 16790510 0 17180717 0  9
  3498 1  65323 17150322   6682  1 16450000 1 17320625 0  6
  4193 1  40465 16990815   6684  2 16580000 1 17090104 0  2
  8590 1  34584 17440506   6684  2 16580000 1 17090104 0  0
  4820 1  26309 17141228   6685  1 16630000 1 17201001 0 12
 15364 0   5403 17280125   6686  2 16970000 1 17711120 0  2
 16913 0   6551 17450402   6686  2 16970000 1 17711120 0  6
 11181 0   6706 17660823   6707  1 16910116 0 17320904 0 12
  7696 0   6722 17270415   6723  1 16721121 0 17191126 0 11
 12265 0  59652 17450508   6724  1 16970914 0 17680405 0 18
 13542 0  13626 17600916   6725  1 16990322 0 17900124 0 15
  4207 1  54974 17130312   6743  1 16550000 1 17080815 0 10
  2426 1   6744 17030713   6745  1 16440000 1 17161019 0  9
  6468 0  16877 17301010   6746  1 16681123 0 17021229 0  4
  7695 0  35155      -99   6749  1 16760501 0 17030117 0  3
  8421 0  49637      -99   6750  1 16780225 0 17030114 0  0
  8753 0   6740 17120307   6758  1 16810209 0 17030430 0  1
  6966 0   6789 17090217   6793  1 16720924 0 17030203 0  7
 12560 0  44788      -99   6797  1 16980311 0 17721008 0 12
 12906 0   6794 17411121   6800  1 16840614 0 17601123 0  7
  1970 1   6811 16871204   6812  1 16380000 1 16740910 0  5
 11497 0   6850 17540306   6851  1 16950927 0 17780612 0 11
  9916 0  37347 17081201   6869  2 16790100 0 17590225 0  3
 12358 0   6868 17550726   6869  2 16790100 0 17590225 0  2
  3669 1  42154 17240806   6874  1 16450000 1 17111024 0  6
  3383 1   6878      -99   6879  2 16480000 1 17111103 0 10
  8048 1  32350 17320414   6879  2 16480000 1 17111103 0  0
 11336 0  25879 17410816   6883  1 16760823 0 17250328 0  3
  8280 0   6891 17460320   6892  1 16790601 0 17210621 0  7
  8096 0  73058 17200217   6904  2 16780812 0 17520222 0 12
 14068 0   6891 17460320   6904  2 16780812 0 17520222 0  0
  7980 0   6916 17030825   6917  2 16760000 1 17400512 0  4
 10371 0  19599 17310212   6917  2 16760000 1 17400512 0  7
 13317 0  61936 17840323   6918  1 16981220 0 17600515 0 17
 10853 0   6923 17500307   6924  1 16900000 1 17730804 0 14
 10920 0   6934 17330917   6935  2 16870611 0 17601006 0  1
 19144 0  61753      -99   6935  2 16870611 0 17601006 0  0
  1939 1   6867 16861027   6939  2 16390000 1 17320322 0  6
  7413 1  53988 17320304   6939  2 16390000 1 17320322 0  0
  8769 0  25644 17500118   6940  1 16820517 0 17701127 0 12
  5611 0  73191 17200630   6941  1 16661000 0 17280911 0 13
  6924 0  61683 17080911   6942  2 16720000 1 17440406 0  6
 10493 0  66121 17340703   6942  2 16720000 1 17440406 0  4
  8897 0  36352 17200926   6944  1 16790000 1 17500128 0  9
  7137 0   6943 17451128   6946  1 16761126 0 17150813 0 10
 12007 0  65044 17690409   6947  1 16950619 0 17340522 0 12
 14467 0  70936      -99   6948  1 16980701 0 17260209 0  1
  5919 0   6915 17201206   6966  1 16700622 0 17250106 0  9
 12723 0  14767 17441116   6968  1 16991102 0 17750512 0 10
 11611 0  73889 17591113   6970  1 16880000 1 17580523 0 11
  2259 0   6959 16870124   6988  2 16520722 0 17410218 0  8
  6476 0  13515 17330406   6988  2 16520722 0 17410218 0  3
  6098 0  37605      -99   6989  1 16710202 0 17040714 0  8
  5872 0  35038      -99   6990  2 16731223 0 17381011 0  3
  8166 0  46603 17480425   6990  2 16731223 0 17381011 0 12
  9570 0   6991 17561124   7006  1 16861002 0 17460909 0 16
  8288 0  60955 17410412   7024  1 16731031 0 17030319 0  2
 10333 0   7028 17250323   7029  1 16891230 0 17170123 0  4
  9827 0  66262 17110517   7035  2 16840527 0 17660426 0  4
 11148 0   7034      -99   7035  2 16840527 0 17660426 0  2
 12547 0   7028 17250323   7040  1 16901212 0 17330724 0  4
  5516 0  34895      -99   7052  2 16710224 0 17451204 0  2
 16735 0   6962      -99   7052  2 16710224 0 17451204 0  0
  3322 1   7053 17011130   7054  1 16520000 1 16840213 0  6
  7504 0  74058      -99   7058  1 16750000 1 17430403 0  0
 12334 0  71065 17721022   7063  1 16960225 0 17771212 0 15
  7614 0   7056 17030104   7066  2 16790607 0 17470112 0  2
  9506 0  43165 17600929   7066  2 16790607 0 17470112 0  8
  6819 0   7087 17281206   7088  1 16760000 1 17480128 0 14
 16394 0  71613 17740613   7100  1 16990000 1 17700409 0  6
  5956 0  60384      -99   7105  2 16730123 0 17120327 0  2
  8061 0   7104 17380917   7105  2 16730123 0 17120327 0  7
  7927 0   7988      -99   7111  2 16770816 0 17490703 0  5
 13204 0   7104 17380917   7111  2 16770816 0 17490703 0  2
  2562 1   7120 16830726   7121  3 16440000 1 17290128 0  5
  5397 1  42044      -99   7121  3 16440000 1 17290128 0  0
 10630 1  63787 17280311   7121  3 16440000 1 17290128 0  0
  5840 0  18031 17260418   7122  1 16710000 1 17470729 0  3
  8091 0   1211 17410410   7123  1 16740000 1 17561026 0  8
  3564 0   6999 17030930   7138  1 16571024 0 17320603 0  7
  8333 0  55401 17150406   7141  1 16770908 0 17491125 0 10
  9715 0  33346 17450702   7145  1 16881221 0 17360909 0 13
  5498 0   7103 17210705   7146  1 16690000 1 17551227 0  9
 10727 0  41725 17520113   7148  1 16920408 0 17600413 0  7
  7920 0   7154 17530729   7155  1 16780227 0 17580302 0 11
 12985 0  36947 17211218   7156  3 16980903 0 17590213 0  2
 14473 0  11935 17450216   7156  3 16980903 0 17590213 0  8
 25647 0  62701 17691011   7156  3 16980903 0 17590213 0  0
 11052 0   6888 17260323   7167  2 16950328 0 17700901 0  8
 18117 0  80812 17551201   7167  2 16950328 0 17700901 0  3
  1154 1   6910 16860101   7186  1 16400000 1 17150403 0 11
  4951 0   8303 16900904   7188  2 16650509 0 16970809 0  4
  7448 0  11628 17510508   7188  2 16650509 0 16970809 0  1
  5646 0  28771 17081206   7189  1 16670919 0 16930718 0  4
  5648 0  71601 17400222   7190  1 16691227 0 17180930 0 12
  6318 0  24923 17081203   7191  1 16720526 0 16891209 0  0
  